User 0: 10 10 10 128 10 10 10 104 10 10 sum: 312
User 1: 10 116 10 10 10 109 10 10 10 10 sum: 305
User 2: 10 10 119 10 10 125 10 10 10 10 sum: 324
User 3: 112 10 10 10 10 10 10 10 10 123 sum: 315
User 4: 108 10 10 10 10 109 10 10 10 10 sum: 297
User 5: 114 10 10 10 10 10 84 10 10 10 sum: 278
User 6: 106 10 10 10 10 10 10 10 10 119 sum: 305
User 7: 10 10 10 10 10 10 122 10 94 10 sum: 296
User 8: 10 10 111 10 10 10 110 10 10 10 sum: 301
User 9: 10 10 10 110 10 10 10 110 10 10 sum: 300
User 10: 10 10 103 103 10 10 10 10 10 10 sum: 286
User 11: 10 115 112 10 10 10 10 10 10 10 sum: 307
User 12: 10 10 10 10 119 10 111 10 10 10 sum: 310
User 13: 10 10 10 93 10 10 10 118 10 10 sum: 291
User 14: 10 10 10 10 10 10 105 10 113 10 sum: 298
User 15: 10 10 10 10 10 10 117 98 10 10 sum: 295
User 16: 10 10 10 10 101 10 10 110 10 10 sum: 291
User 17: 10 10 10 10 10 204 10 10 10 10 sum: 294
User 18: 10 10 10 10 104 10 10 10 10 105 sum: 289
User 19: 10 10 10 10 10 10 10 119 10 107 sum: 306
User 20: 10 111 10 10 10 10 10 10 127 10 sum: 318
User 21: 10 113 10 107 10 10 10 10 10 10 sum: 300
User 22: 10 10 10 10 10 10 10 97 106 10 sum: 283
User 23: 10 106 10 10 112 10 10 10 10 10 sum: 298
User 24: 10 10 10 10 10 10 108 10 10 98 sum: 286
User 25: 10 10 10 104 10 107 10 10 10 10 sum: 291
User 26: 10 10 136 10 10 10 10 10 10 113 sum: 329
User 27: 10 10 10 10 109 10 10 10 104 10 sum: 293
User 28: 10 10 111 10 10 10 10 10 10 109 sum: 300
User 29: 10 10 10 114 10 10 10 10 10 123 sum: 317
User 30: 212 10 10 10 10 10 10 10 10 10 sum: 302
User 31: 124 10 10 10 10 104 10 10 10 10 sum: 308
User 32: 10 10 107 10 10 10 10 106 10 10 sum: 293
User 33: 10 10 118 10 10 10 118 10 10 10 sum: 316
User 34: 10 115 10 10 10 113 10 10 10 10 sum: 308
User 35: 10 10 110 10 10 10 10 10 123 10 sum: 313
User 36: 10 98 10 10 10 108 10 10 10 10 sum: 286
User 37: 10 10 10 10 103 10 10 10 109 10 sum: 292
User 38: 199 10 10 10 10 10 10 10 10 10 sum: 289
User 39: 10 10 10 10 115 10 10 10 108 10 sum: 303
User 40: 10 10 10 10 100 10 115 10 10 10 sum: 295
User 41: 96 10 10 122 10 10 10 10 10 10 sum: 298
User 42: 10 10 10 10 10 10 10 115 110 10 sum: 305
User 43: 10 124 106 10 10 10 10 10 10 10 sum: 310
User 44: 10 10 10 10 10 10 110 102 10 10 sum: 292
User 45: 10 95 10 10 10 10 10 10 10 125 sum: 300
User 46: 10 10 10 103 10 10 10 10 10 95 sum: 278
User 47: 10 97 10 10 10 117 10 10 10 10 sum: 294
User 48: 10 10 10 10 102 10 10 10 108 10 sum: 290
User 49: 10 10 10 116 117 10 10 10 10 10 sum: 313
