User 0: 10 10 10 10 10 10 10 415 418 10 sum: 913
User 1: 10 10 10 10 10 10 810 10 10 10 sum: 900
User 2: 425 10 10 10 10 10 10 408 10 10 sum: 913
User 3: 10 10 10 10 425 10 10 414 10 10 sum: 919
User 4: 10 10 415 10 10 10 10 10 408 10 sum: 903
User 5: 10 10 10 10 10 10 409 10 405 10 sum: 894
User 6: 10 399 10 10 419 10 10 10 10 10 sum: 898
User 7: 10 10 813 10 10 10 10 10 10 10 sum: 903
User 8: 10 10 10 414 10 423 10 10 10 10 sum: 917
User 9: 399 10 10 10 414 10 10 10 10 10 sum: 893
User 10: 10 10 10 10 400 10 10 10 10 407 sum: 887
User 11: 404 10 10 10 10 10 10 10 421 10 sum: 905
User 12: 10 10 10 403 10 10 10 10 10 415 sum: 898
User 13: 10 400 10 409 10 10 10 10 10 10 sum: 889
User 14: 10 10 397 10 10 10 10 421 10 10 sum: 898
User 15: 10 10 10 427 10 10 10 10 10 407 sum: 914
User 16: 10 10 10 10 403 10 10 10 423 10 sum: 906
User 17: 10 10 10 10 403 10 402 10 10 10 sum: 885
User 18: 10 10 401 10 10 409 10 10 10 10 sum: 890
User 19: 10 413 10 416 10 10 10 10 10 10 sum: 909
User 20: 423 10 10 10 10 10 10 411 10 10 sum: 914
User 21: 10 10 10 10 401 419 10 10 10 10 sum: 900
User 22: 10 403 10 411 10 10 10 10 10 10 sum: 894
User 23: 10 10 10 10 10 10 10 10 10 810 sum: 900
User 24: 10 396 10 10 10 10 423 10 10 10 sum: 899
User 25: 408 399 10 10 10 10 10 10 10 10 sum: 887
User 26: 10 10 414 408 10 10 10 10 10 10 sum: 902
User 27: 410 405 10 10 10 10 10 10 10 10 sum: 895
User 28: 407 10 10 10 10 389 10 10 10 10 sum: 876
User 29: 10 403 10 10 10 10 10 10 10 410 sum: 893
User 30: 10 10 10 10 407 417 10 10 10 10 sum: 904
User 31: 10 10 10 10 10 408 10 10 10 412 sum: 900
User 32: 10 10 10 10 10 10 10 811 10 10 sum: 901
User 33: 10 10 390 10 10 10 404 10 10 10 sum: 874
User 34: 10 10 408 10 10 10 10 10 422 10 sum: 910
User 35: 399 10 10 10 10 10 10 10 10 411 sum: 890
User 36: 10 10 10 10 10 10 411 10 10 418 sum: 909
User 37: 401 10 10 10 10 10 408 10 10 10 sum: 889
User 38: 10 10 10 10 10 10 10 10 413 416 sum: 909
User 39: 10 10 10 10 10 402 10 407 10 10 sum: 889
User 40: 10 10 10 407 10 10 413 10 10 10 sum: 900
User 41: 10 411 10 10 10 399 10 10 10 10 sum: 890
User 42: 10 10 10 10 406 10 408 10 10 10 sum: 894
User 43: 10 10 10 10 10 10 10 10 786 10 sum: 876
User 44: 435 10 10 10 10 10 10 10 416 10 sum: 931
User 45: 10 10 10 10 10 818 10 10 10 10 sum: 908
User 46: 10 422 10 411 10 10 10 10 10 10 sum: 913
User 47: 10 10 415 10 10 10 10 414 10 10 sum: 909
User 48: 10 10 415 10 409 10 10 10 10 10 sum: 904
User 49: 10 10 10 411 10 10 10 415 10 10 sum: 906
