User 0: 10 10 10 10 2054 10 10 10 10 2037 sum: 4171
User 1: 10 10 10 2006 10 10 2011 10 10 10 sum: 4097
User 2: 10 10 1963 10 10 2008 10 10 10 10 sum: 4051
User 3: 10 10 10 2025 10 10 10 1992 10 10 sum: 4097
User 4: 10 2023 10 10 10 10 10 2020 10 10 sum: 4123
User 5: 10 10 10 10 10 10 1981 10 1998 10 sum: 4059
User 6: 10 10 2033 10 2010 10 10 10 10 10 sum: 4123
User 7: 1995 1994 10 10 10 10 10 10 10 10 sum: 4069
User 8: 10 10 10 10 10 2045 10 10 10 2020 sum: 4145
User 9: 2001 10 10 10 10 10 10 10 1984 10 sum: 4065
